[7] 1						[7] 1
[1, 6] 7					[1, 6] 7
[2, 5] 21					[2, 5] 21
[1, 1, 5] 21				[1, 1, 5] 21
[4, 3] 35					[3, 4] 35
[2, 4, 1] 105				[1, 2, 4] 105
[4, 1, 1, 1] 35				[1, 4, 1, 1] 35
[3, 3, 1] 70				[1, 3, 3] 70
[3, 2, 2] 105				[2, 2, 3] 105
[3, 2, 1, 1] 210			[2, 3, 1, 1] 210
[3, 1, 1, 1, 1] 35			[1, 3, 1, 1, 1] 35
[2, 2, 2, 1] 105			[1, 2, 2, 2] 63
[2, 2, 1, 1, 1] 105			[2, 2, 1, 1, 1] 105
[2, 1, 1, 1, 1, 1] 21		[1, 2, 1, 1, 1, 1] 21
[1, 1, 1, 1, 1, 1, 1] 1		[1, 1, 1, 1, 1, 1, 1] 1
sage						python algoritmo lazychino














